image: /home/user/my_map.pgm
resolution: 0.100000
origin: [-90.600003, -105.600003, -nan]
negate: 0
occupied_thresh: 0.65
free_thresh: 0.196

